name: mitohub
channels:
  - conda-forge
  - bioconda
  - defaults
dependencies:
  - aom=3.8.2=h63175ca_0
  - bzip2=1.0.8=hcfcfb64_5
  - ca-certificates=2024.6.2=h56e8100_0
  - cairo=1.18.0=h1fef639_0
  - dav1d=1.2.1=hcfcfb64_0
  - expat=2.6.2=h63175ca_0
  - ffmpeg=6.1.1=gpl_hb766fab_106
  - font-ttf-dejavu-sans-mono=2.37=hab24e00_0
  - font-ttf-inconsolata=3.000=h77eed37_0
  - font-ttf-source-code-pro=2.038=h77eed37_0
  - font-ttf-ubuntu=0.83=h77eed37_2
  - fontconfig=2.14.2=hbde0cde_0
  - fonts-conda-ecosystem=1=0
  - fonts-conda-forge=1=0
  - freetype=2.12.1=hdaf720e_2
  - graphite2=1.3.13=h63175ca_1003
  - harfbuzz=8.5.0=h81778c3_0
  - icu=73.2=h63175ca_0
  - libexpat=2.6.2=h63175ca_0
  - libffi=3.4.2=h8ffe710_5
  - libglib=2.80.2=h0df6a38_0
  - libiconv=1.17=hcfcfb64_2
  - libintl=0.22.5=h5728263_2
  - libopus=1.3.1=h8ffe710_1
  - libpng=1.6.43=h19919ed_0
  - libsqlite=3.45.3=hcfcfb64_0
  - libxml2=2.12.7=h283a6d9_0
  - libzlib=1.2.13=h2466b09_6
  - openh264=2.4.1=h63175ca_0
  - openssl=3.3.1=h2466b09_0
  - pcre2=10.43=h17e33f8_0
  - pip=24.0=pyhd8ed1ab_0
  - pixman=0.43.4=h63175ca_0
  - python=3.9.18=h4de0772_1_cpython
  - setuptools=70.0.0=pyhd8ed1ab_0
  - svt-av1=1.8.0=h63175ca_0
  - tk=8.6.13=h5226925_1
  - ucrt=10.0.22621.0=h57928b3_0
  - vc=14.3=ha32ba9b_20
  - vc14_runtime=14.38.33135=h835141b_20
  - vs2015_runtime=14.38.33135=h22015db_20
  - wheel=0.43.0=pyhd8ed1ab_1
  - x264=1!164.3095=h8ffe710_2
  - x265=3.5=h2d74725_3
  - xz=5.2.6=h8d14728_0
  - zlib=1.2.13=h2466b09_6
